
metric:[16.75]
metric:[16.75, 13.5625]
metric:[16.75, 13.5625, 12.9062]
metric:[16.75, 13.5625, 12.9062, 12.8125]
metric:[16.75, 13.5625, 12.9062, 12.8125, 12.6875]
metric:[9.1562]
metric:[9.1562, 8.3438]
metric:[9.1562, 8.3438, 8.0938]
metric:[9.1562, 8.3438, 8.0938, 7.9688]
metric:[9.1562, 8.3438, 8.0938, 7.9688, 7.7812]
metric:[16.75]
metric:[16.75, 13.5625]
metric:[16.75, 13.5625, 12.9062]
metric:[16.75, 13.5625, 12.9062, 12.8125]
metric:[16.75, 13.5625, 12.9062, 12.8125, 12.6875]
metric:[9.4062]
metric:[9.4062, 8.6562]
metric:[9.4062, 8.6562, 8.6562]
metric:[9.4062, 8.6562, 8.6562, 8.5938]
metric:[9.4062, 8.6562, 8.6562, 8.5938, 8.6562]
metric:[4.7031]
metric:[4.7031, 4.0469]
metric:[4.7031, 4.0469, 3.9688]
metric:[4.7031, 4.0469, 3.9688, 3.8906]
metric:[4.7031, 4.0469, 3.9688, 3.8906, 3.9219]
metric:[10.7188]
metric:[10.7188, 9.5938]
metric:[10.7188, 9.5938, 10.5]
metric:[10.7188, 9.5938, 10.5, 8.5938]
metric:[10.7188, 9.5938, 10.5, 8.5938, 7.0938]
metric:[2.6328]
metric:[2.6328, 2.1328]
metric:[2.6328, 2.1328, 2.0234]
metric:[2.6328, 2.1328, 2.0234, 2.0391]
metric:[2.6328, 2.1328, 2.0234, 2.0391, 2.1172]