
metric:[3.7344]
train:[2.9766]
metric:[3.7344, 2.7969]
train:[2.9766, 2.1484]
metric:[3.7344, 2.7969, 2.8672]
train:[2.9766, 2.1484, 2.1641]
metric:[3.7344, 2.7969, 2.8672, 3.1719]
train:[2.9766, 2.1484, 2.1641, 2.0547]
metric:[3.7344, 2.7969, 2.8672, 3.1719, 3.2031]
train:[2.9766, 2.1484, 2.1641, 2.0547, 2.1016]
metric:[3.7344, 2.7969, 2.8672, 3.1719, 3.2031, 3.0078]
train:[2.9766, 2.1484, 2.1641, 2.0547, 2.1016, 2.0703]
metric:[3.7344, 2.7969, 2.8672, 3.1719, 3.2031, 3.0078, 2.9922]
train:[2.9766, 2.1484, 2.1641, 2.0547, 2.1016, 2.0703, 1.8672]
metric:[3.7344, 2.7969, 2.8672, 3.1719, 3.2031, 3.0078, 2.9922, 3.1406]
train:[2.9766, 2.1484, 2.1641, 2.0547, 2.1016, 2.0703, 1.8672, 1.293]