
metric:[3.3594]
train:[2.1641]
metric:[3.3594, 3.3281]
train:[2.1641, 2.0234]
metric:[3.3594, 3.3281, 3.4844]
train:[2.1641, 2.0234, 1.7891]
metric:[3.3594, 3.3281, 3.4844, 3.4531]
train:[2.1641, 2.0234, 1.7891, 2.0078]
metric:[3.3594, 3.3281, 3.4844, 3.4531, 3.4531]
train:[2.1641, 2.0234, 1.7891, 2.0078, 2.1016]
metric:[3.3594, 3.3281, 3.4844, 3.4531, 3.4531, 3.0312]
train:[2.1641, 2.0234, 1.7891, 2.0078, 2.1016, 2.0547]
metric:[3.3594, 3.3281, 3.4844, 3.4531, 3.4531, 3.0312, 3.2969]
train:[2.1641, 2.0234, 1.7891, 2.0078, 2.1016, 2.0547, 2.0859]
metric:[3.3594, 3.3281, 3.4844, 3.4531, 3.4531, 3.0312, 3.2969, 3.2344]
train:[2.1641, 2.0234, 1.7891, 2.0078, 2.1016, 2.0547, 2.0859, 2.1484]
metric:[3.3594, 3.3281, 3.4844, 3.4531, 3.4531, 3.0312, 3.2969, 3.2344, 3.3906]
train:[2.1641, 2.0234, 1.7891, 2.0078, 2.1016, 2.0547, 2.0859, 2.1484, 1.9609]
metric:[3.3594, 3.3281, 3.4844, 3.4531, 3.4531, 3.0312, 3.2969, 3.2344, 3.3906, 3.3281]
train:[2.1641, 2.0234, 1.7891, 2.0078, 2.1016, 2.0547, 2.0859, 2.1484, 1.9609, 1.9922]
metric:[3.5156]
metric:[3.5156, 3.4531]
metric:[3.5156, 3.4531, 3.4531]
metric:[3.5156, 3.4531, 3.4531, 3.5156]
metric:[3.5156, 3.4531, 3.4531, 3.5156, 3.5469]
metric:[3.5156, 3.4531, 3.4531, 3.5156, 3.5469, 3.6094]
metric:[3.5156, 3.4531, 3.4531, 3.5156, 3.5469, 3.6094, 3.5469]
metric:[3.5156, 3.4531, 3.4531, 3.5156, 3.5469, 3.6094, 3.5469, 3.6562]
metric:[3.5156, 3.4531, 3.4531, 3.5156, 3.5469, 3.6094, 3.5469, 3.6562, 3.6719]
metric:[3.5156, 3.4531, 3.4531, 3.5156, 3.5469, 3.6094, 3.5469, 3.6562, 3.6719, 3.9844]
metric:[12.6875]
metric:[12.6875, 13.5]
metric:[12.6875, 13.5, 13.0625]
metric:[12.6875, 13.5, 13.0625, 12.8125]
metric:[12.6875, 13.5, 13.0625, 12.8125, 12.8125]
metric:[12.6875, 13.5, 13.0625, 12.8125, 12.8125, 13.0625]
metric:[12.6875, 13.5, 13.0625, 12.8125, 12.8125, 13.0625, 13.0625]
metric:[12.6875, 13.5, 13.0625, 12.8125, 12.8125, 13.0625, 13.0625, 13.75]
metric:[12.6875, 13.5, 13.0625, 12.8125, 12.8125, 13.0625, 13.0625, 13.75, 14.6875]
metric:[7.8438]
metric:[7.8438, 7.8438]
metric:[7.8438, 7.8438, 7.8438]
metric:[7.8438, 7.8438, 7.8438, 7.9062]
metric:[7.8438, 7.8438, 7.8438, 7.9062, 7.9688]
metric:[7.8438, 7.8438, 7.8438, 7.9062, 7.9688, 7.9062]
metric:[7.8438, 7.8438, 7.8438, 7.9062, 7.9688, 7.9062, 7.9688]
metric:[7.8438, 7.8438, 7.8438, 7.9062, 7.9688, 7.9062, 7.9688, 7.9062]
metric:[7.8438]
metric:[7.8438, 7.8438]
metric:[7.8438, 7.8438, 7.8438]
metric:[7.8438, 7.8438, 7.8438, 7.9062]
metric:[7.8438, 7.8438, 7.8438, 7.9062, 7.9688]
metric:[7.8438, 7.8438, 7.8438, 7.9062, 7.9688, 7.9062]
metric:[7.8438, 7.8438, 7.8438, 7.9062, 7.9688, 7.9062, 7.9688]
metric:[7.8438, 7.8438, 7.8438, 7.9062, 7.9688, 7.9062, 7.9688, 7.9062]
metric:[7.8438, 7.8438, 7.8438, 7.9062, 7.9688, 7.9062, 7.9688, 7.9062, 7.9688]
metric:[12.6875]
metric:[12.6875, 13.5]
metric:[12.6875, 13.5, 13.0625]
metric:[12.6875, 13.5, 13.0625, 12.8125]
metric:[12.6875, 13.5, 13.0625, 12.8125, 12.8125]
metric:[12.6875, 13.5, 13.0625, 12.8125, 12.8125, 13.0625]
metric:[12.6875, 13.5, 13.0625, 12.8125, 12.8125, 13.0625, 13.0625]
metric:[12.6875, 13.5, 13.0625, 12.8125, 12.8125, 13.0625, 13.0625, 13.75]
metric:[12.6875, 13.5, 13.0625, 12.8125, 12.8125, 13.0625, 13.0625, 13.75, 14.6875]
metric:[3.8594]
metric:[3.8594, 3.9844]
metric:[3.8594, 3.9844, 3.8906]
metric:[3.8594, 3.9844, 3.8906, 3.8906]
metric:[3.8594, 3.9844, 3.8906, 3.8906, 3.8281]
metric:[3.8594, 3.9844, 3.8906, 3.8906, 3.8281, 3.8281]
metric:[3.8594, 3.9844, 3.8906, 3.8906, 3.8281, 3.8281, 3.8594]
metric:[3.8594]
metric:[3.8594, 3.9844]
metric:[3.8594, 3.9844, 3.8906]
metric:[3.8594, 3.9844, 3.8906, 3.8906]
metric:[3.8594, 3.9844, 3.8906, 3.8906, 3.8281]
metric:[3.8594, 3.9844, 3.8906, 3.8906, 3.8281, 3.8281]
metric:[3.8594, 3.9844, 3.8906, 3.8906, 3.8281, 3.8281, 3.8594]
metric:[3.8594, 3.9844, 3.8906, 3.8906, 3.8281, 3.8281, 3.8594, 3.8438]
metric:[3.8594, 3.9844, 3.8906, 3.8906, 3.8281, 3.8281, 3.8594, 3.8438, 4.2656]
metric:[0.639328]
metric:[0.639328, 0.639328]
metric:[0.639328, 0.639328, 0.639328]
metric:[0.639328, 0.639328, 0.639328, 0.639328]
metric:[0.639328]
metric:[0.639328, 0.639328]
metric:[0.639328, 0.639328, 0.639328]
metric:[0.639328, 0.639328, 0.639328, 0.639328]
metric:[0.639328]
metric:[0.639328, 0.633137]
metric:[0.639328, 0.633137, 0.639679]
metric:[0.639328, 0.633137, 0.639679, 0.634398]
metric:[0.639328]
metric:[0.639328, 0.633137]
metric:[0.639328, 0.633137, 0.641397]
metric:[0.639328, 0.633137, 0.641397, 0.640213]
metric:[0.639328, 0.633137, 0.641397, 0.640213, 0.640764]
metric:[0.639328, 0.633137, 0.641397, 0.640213, 0.640764, 0.646926]
metric:[0.639328, 0.633137, 0.641397, 0.640213, 0.640764, 0.646926, 0.639491]
metric:[0.639328, 0.633137, 0.641397, 0.640213, 0.640764, 0.646926, 0.639491, 0.619561]
metric:[0.639328, 0.633137, 0.641397, 0.640213, 0.640764, 0.646926, 0.639491, 0.619561, 0.639679]
metric:[0.639328, 0.633137, 0.641397, 0.640213, 0.640764, 0.646926, 0.639491, 0.619561, 0.639679, 0.634398]
metric:[0.639328, 0.633137, 0.641397, 0.640213, 0.640764, 0.646926, 0.639491, 0.619561, 0.639679, 0.634398, 0.643273]
metric:[0.639328, 0.633137, 0.641397, 0.640213, 0.640764, 0.646926, 0.639491, 0.619561, 0.639679, 0.634398, 0.643273, 0.642153]
metric:[0.639328, 0.633137, 0.641397, 0.640213, 0.640764, 0.646926, 0.639491, 0.619561, 0.639679, 0.634398, 0.643273, 0.642153, 0.643633]
metric:[0.639328, 0.633137, 0.641397, 0.640213, 0.640764, 0.646926, 0.639491, 0.619561, 0.639679, 0.634398, 0.643273, 0.642153, 0.643633, 0.653245]
metric:[0.639328, 0.633137, 0.641397, 0.640213, 0.640764, 0.646926, 0.639491, 0.619561, 0.639679, 0.634398, 0.643273, 0.642153, 0.643633, 0.653245, 0.644384]
metric:[0.639328, 0.633137, 0.641397, 0.640213, 0.640764, 0.646926, 0.639491, 0.619561, 0.639679, 0.634398, 0.643273, 0.642153, 0.643633, 0.653245, 0.644384, 0.624047]
metric:[0.639328, 0.633137, 0.641397, 0.640213, 0.640764, 0.646926, 0.639491, 0.619561, 0.639679, 0.634398, 0.643273, 0.642153, 0.643633, 0.653245, 0.644384, 0.624047, 0.640276]
metric:[0.639328, 0.633137, 0.641397, 0.640213, 0.640764, 0.646926, 0.639491, 0.619561, 0.639679, 0.634398, 0.643273, 0.642153, 0.643633, 0.653245, 0.644384, 0.624047, 0.640276, 0.635259]
metric:[0.639328, 0.633137, 0.641397, 0.640213, 0.640764, 0.646926, 0.639491, 0.619561, 0.639679, 0.634398, 0.643273, 0.642153, 0.643633, 0.653245, 0.644384, 0.624047, 0.640276, 0.635259, 0.645153]
metric:[0.639328, 0.633137, 0.641397, 0.640213, 0.640764, 0.646926, 0.639491, 0.619561, 0.639679, 0.634398, 0.643273, 0.642153, 0.643633, 0.653245, 0.644384, 0.624047, 0.640276, 0.635259, 0.645153, 0.646061]
metric:[0.639328, 0.633137, 0.641397, 0.640213, 0.640764, 0.646926, 0.639491, 0.619561, 0.639679, 0.634398, 0.643273, 0.642153, 0.643633, 0.653245, 0.644384, 0.624047, 0.640276, 0.635259, 0.645153, 0.646061, 0.644597]
metric:[0.639328, 0.633137, 0.641397, 0.640213, 0.640764, 0.646926, 0.639491, 0.619561, 0.639679, 0.634398, 0.643273, 0.642153, 0.643633, 0.653245, 0.644384, 0.624047, 0.640276, 0.635259, 0.645153, 0.646061, 0.644597, 0.653108]
metric:[0.639328, 0.633137, 0.641397, 0.640213, 0.640764, 0.646926, 0.639491, 0.619561, 0.639679, 0.634398, 0.643273, 0.642153, 0.643633, 0.653245, 0.644384, 0.624047, 0.640276, 0.635259, 0.645153, 0.646061, 0.644597, 0.653108, 0.648758]

# From 70 - 90 low bins
metric:[0.639328, 0.633137, 0.641397, 0.640213, 0.640764, 0.646926, 0.639491, 0.619561, 0.639679, 0.634398, 0.643273, 0.642153, 0.643633, 0.653245, 0.644384, 0.624047, 0.640276, 0.635259, 0.645153, 0.646061, 0.644597, 0.653108, 0.648758, 0.629152]



metric:[0.664299]
metric:[0.664299, 0.675524]
metric:[0.664299, 0.675524, 0.775235]
metric:[0.664299, 0.675524, 0.775235, 0.843787]
metric:[0.664299, 0.675524, 0.775235, 0.843787, 0.683979]
metric:[0.664299, 0.675524, 0.775235, 0.843787, 0.683979, 0.679311]
metric:[0.664299, 0.675524, 0.775235, 0.843787, 0.683979, 0.679311, 0.664636]
metric:[0.664299, 0.675524, 0.775235, 0.843787, 0.683979, 0.679311, 0.664636, 0.701423]
metric:[0.664299, 0.675524, 0.775235, 0.843787, 0.683979, 0.679311, 0.664636, 0.701423, 0.775793]
metric:[0.664299, 0.675524, 0.775235, 0.843787, 0.683979, 0.679311, 0.664636, 0.701423, 0.775793, 0.840956]
metric:[0.664299, 0.675524, 0.775235, 0.843787, 0.683979, 0.679311, 0.664636, 0.701423, 0.775793, 0.840956, 0.840956]
metric:[0.664299, 0.675524, 0.775235, 0.843787, 0.683979, 0.679311, 0.664636, 0.701423, 0.775793, 0.840956, 0.840956, 0.840956]
metric:[0.664299, 0.675524, 0.775235, 0.843787, 0.683979, 0.679311, 0.664636, 0.701423, 0.775793, 0.840956, 0.840956, 0.840956, 0.840956]
metric:[0.664299, 0.675524, 0.775235, 0.843787, 0.683979, 0.679311, 0.664636, 0.701423, 0.775793, 0.840956, 0.840956, 0.840956, 0.840956, 0.840956]
metric:[0.664299, 0.675524, 0.775235, 0.843787, 0.683979, 0.679311, 0.664636, 0.701423, 0.775793, 0.840956, 0.840956, 0.840956, 0.840956, 0.840956, 0.840956]
metric:[0.664299, 0.675524, 0.775235, 0.843787, 0.683979, 0.679311, 0.664636, 0.701423, 0.775793, 0.840956, 0.840956, 0.840956, 0.840956, 0.840956, 0.840956, 0.840956]
metric:[0.664299, 0.675524, 0.775235, 0.843787, 0.683979, 0.679311, 0.664636, 0.701423, 0.775793, 0.840956, 0.840956, 0.840956, 0.840956, 0.840956, 0.840956, 0.840956, 0.840956]
metric:[0.664299, 0.675524, 0.775235, 0.843787, 0.683979, 0.679311, 0.664636, 0.701423, 0.775793, 0.840956, 0.840956, 0.840956, 0.840956, 0.840956, 0.840956, 0.840956, 0.840956, 0.840956]
metric:[0.639328]
metric:[0.639328, 0.633137]
metric:[0.639328, 0.633137, 0.641397]
metric:[0.639328, 0.633137, 0.641397, 0.640213]
metric:[0.639328, 0.633137, 0.641397, 0.640213, 0.640764]
metric:[0.639328, 0.633137, 0.641397, 0.640213, 0.640764, 0.646926]
metric:[0.639328, 0.633137, 0.641397, 0.640213, 0.640764, 0.646926, 0.639491]
metric:[0.639328, 0.633137, 0.641397, 0.640213, 0.640764, 0.646926, 0.639491, 0.619561]
metric:[0.639328, 0.633137, 0.641397, 0.640213, 0.640764, 0.646926, 0.639491, 0.619561, 0.639679]
metric:[0.639328, 0.633137, 0.641397, 0.640213, 0.640764, 0.646926, 0.639491, 0.619561, 0.639679, 0.634398]
metric:[0.639328, 0.633137, 0.641397, 0.640213, 0.640764, 0.646926, 0.639491, 0.619561, 0.639679, 0.634398, 0.643273]
metric:[0.639328, 0.633137, 0.641397, 0.640213, 0.640764, 0.646926, 0.639491, 0.619561, 0.639679, 0.634398, 0.643273, 0.642153]
metric:[0.639328, 0.633137, 0.641397, 0.640213, 0.640764, 0.646926, 0.639491, 0.619561, 0.639679, 0.634398, 0.643273, 0.642153, 0.643633]
metric:[0.639328, 0.633137, 0.641397, 0.640213, 0.640764, 0.646926, 0.639491, 0.619561, 0.639679, 0.634398, 0.643273, 0.642153, 0.643633, 0.653245]
metric:[0.639328, 0.633137, 0.641397, 0.640213, 0.640764, 0.646926, 0.639491, 0.619561, 0.639679, 0.634398, 0.643273, 0.642153, 0.643633, 0.653245, 0.644384]
metric:[0.639328, 0.633137, 0.641397, 0.640213, 0.640764, 0.646926, 0.639491, 0.619561, 0.639679, 0.634398, 0.643273, 0.642153, 0.643633, 0.653245, 0.644384, 0.624047]
metric:[0.639328, 0.633137, 0.641397, 0.640213, 0.640764, 0.646926, 0.639491, 0.619561, 0.639679, 0.634398, 0.643273, 0.642153, 0.643633, 0.653245, 0.644384, 0.624047, 0.640276]
metric:[0.639328, 0.633137, 0.641397, 0.640213, 0.640764, 0.646926, 0.639491, 0.619561, 0.639679, 0.634398, 0.643273, 0.642153, 0.643633, 0.653245, 0.644384, 0.624047, 0.640276, 0.635259]
metric:[0.639328, 0.633137, 0.641397, 0.640213, 0.640764, 0.646926, 0.639491, 0.619561, 0.639679, 0.634398, 0.643273, 0.642153, 0.643633, 0.653245, 0.644384, 0.624047, 0.640276, 0.635259, 0.645153]
metric:[0.639328, 0.633137, 0.641397, 0.640213, 0.640764, 0.646926, 0.639491, 0.619561, 0.639679, 0.634398, 0.643273, 0.642153, 0.643633, 0.653245, 0.644384, 0.624047, 0.640276, 0.635259, 0.645153, 0.646061]
metric:[0.639328, 0.633137, 0.641397, 0.640213, 0.640764, 0.646926, 0.639491, 0.619561, 0.639679, 0.634398, 0.643273, 0.642153, 0.643633, 0.653245, 0.644384, 0.624047, 0.640276, 0.635259, 0.645153, 0.646061, 0.644597]
metric:[0.639328, 0.633137, 0.641397, 0.640213, 0.640764, 0.646926, 0.639491, 0.619561, 0.639679, 0.634398, 0.643273, 0.642153, 0.643633, 0.653245, 0.644384, 0.624047, 0.640276, 0.635259, 0.645153, 0.646061, 0.644597, 0.653108]
metric:[0.639328, 0.633137, 0.641397, 0.640213, 0.640764, 0.646926, 0.639491, 0.619561, 0.639679, 0.634398, 0.643273, 0.642153, 0.643633, 0.653245, 0.644384, 0.624047, 0.640276, 0.635259, 0.645153, 0.646061, 0.644597, 0.653108, 0.648758]
metric:[0.639328, 0.633137, 0.641397, 0.640213, 0.640764, 0.646926, 0.639491, 0.619561, 0.639679, 0.634398, 0.643273, 0.642153, 0.643633, 0.653245, 0.644384, 0.624047, 0.640276, 0.635259, 0.645153, 0.646061, 0.644597, 0.653108, 0.648758, 0.629152]
metric:[0.639328, 0.633137, 0.641397, 0.640213, 0.640764, 0.646926, 0.639491, 0.619561, 0.639679, 0.634398, 0.643273, 0.642153, 0.643633, 0.653245, 0.644384, 0.624047, 0.640276, 0.635259, 0.645153, 0.646061, 0.644597, 0.653108, 0.648758, 0.629152, 0.664299]
metric:[0.639328, 0.633137, 0.641397, 0.640213, 0.640764, 0.646926, 0.639491, 0.619561, 0.639679, 0.634398, 0.643273, 0.642153, 0.643633, 0.653245, 0.644384, 0.624047, 0.640276, 0.635259, 0.645153, 0.646061, 0.644597, 0.653108, 0.648758, 0.629152, 0.664299, 0.675524]
metric:[0.639328, 0.633137, 0.641397, 0.640213, 0.640764, 0.646926, 0.639491, 0.619561, 0.639679, 0.634398, 0.643273, 0.642153, 0.643633, 0.653245, 0.644384, 0.624047, 0.640276, 0.635259, 0.645153, 0.646061, 0.644597, 0.653108, 0.648758, 0.629152, 0.664299, 0.675524, 0.775235]
metric:[0.639328, 0.633137, 0.641397, 0.640213, 0.640764, 0.646926, 0.639491, 0.619561, 0.639679, 0.634398, 0.643273, 0.642153, 0.643633, 0.653245, 0.644384, 0.624047, 0.640276, 0.635259, 0.645153, 0.646061, 0.644597, 0.653108, 0.648758, 0.629152, 0.664299, 0.675524, 0.775235, 0.843787]
metric:[0.639328, 0.633137, 0.641397, 0.640213, 0.640764, 0.646926, 0.639491, 0.619561, 0.639679, 0.634398, 0.643273, 0.642153, 0.643633, 0.653245, 0.644384, 0.624047, 0.640276, 0.635259, 0.645153, 0.646061, 0.644597, 0.653108, 0.648758, 0.629152, 0.664299, 0.675524, 0.775235, 0.843787, 0.683979]
metric:[0.639328, 0.633137, 0.641397, 0.640213, 0.640764, 0.646926, 0.639491, 0.619561, 0.639679, 0.634398, 0.643273, 0.642153, 0.643633, 0.653245, 0.644384, 0.624047, 0.640276, 0.635259, 0.645153, 0.646061, 0.644597, 0.653108, 0.648758, 0.629152, 0.664299, 0.675524, 0.775235, 0.843787, 0.683979, 0.679311]
metric:[0.639328, 0.633137, 0.641397, 0.640213, 0.640764, 0.646926, 0.639491, 0.619561, 0.639679, 0.634398, 0.643273, 0.642153, 0.643633, 0.653245, 0.644384, 0.624047, 0.640276, 0.635259, 0.645153, 0.646061, 0.644597, 0.653108, 0.648758, 0.629152, 0.664299, 0.675524, 0.775235, 0.843787, 0.683979, 0.679311, 0.664636]
metric:[0.639328, 0.633137, 0.641397, 0.640213, 0.640764, 0.646926, 0.639491, 0.619561, 0.639679, 0.634398, 0.643273, 0.642153, 0.643633, 0.653245, 0.644384, 0.624047, 0.640276, 0.635259, 0.645153, 0.646061, 0.644597, 0.653108, 0.648758, 0.629152, 0.664299, 0.675524, 0.775235, 0.843787, 0.683979, 0.679311, 0.664636, 0.701423]
metric:[0.639328, 0.633137, 0.641397, 0.640213, 0.640764, 0.646926, 0.639491, 0.619561, 0.639679, 0.634398, 0.643273, 0.642153, 0.643633, 0.653245, 0.644384, 0.624047, 0.640276, 0.635259, 0.645153, 0.646061, 0.644597, 0.653108, 0.648758, 0.629152, 0.664299, 0.675524, 0.775235, 0.843787, 0.683979, 0.679311, 0.664636, 0.701423, 0.775793]
metric:[0.639328, 0.633137, 0.641397, 0.640213, 0.640764, 0.646926, 0.639491, 0.619561, 0.639679, 0.634398, 0.643273, 0.642153, 0.643633, 0.653245, 0.644384, 0.624047, 0.640276, 0.635259, 0.645153, 0.646061, 0.644597, 0.653108, 0.648758, 0.629152, 0.664299, 0.675524, 0.775235, 0.843787, 0.683979, 0.679311, 0.664636, 0.701423, 0.775793, 0.840956]
metric:[0.639328, 0.633137, 0.641397, 0.640213, 0.640764, 0.646926, 0.639491, 0.619561, 0.639679, 0.634398, 0.643273, 0.642153, 0.643633, 0.653245, 0.644384, 0.624047, 0.640276, 0.635259, 0.645153, 0.646061, 0.644597, 0.653108, 0.648758, 0.629152, 0.664299, 0.675524, 0.775235, 0.843787, 0.683979, 0.679311, 0.664636, 0.701423, 0.775793, 0.840956, 0.709789]
metric:[0.639328, 0.633137, 0.641397, 0.640213, 0.640764, 0.646926, 0.639491, 0.619561, 0.639679, 0.634398, 0.643273, 0.642153, 0.643633, 0.653245, 0.644384, 0.624047, 0.640276, 0.635259, 0.645153, 0.646061, 0.644597, 0.653108, 0.648758, 0.629152, 0.664299, 0.675524, 0.775235, 0.843787, 0.683979, 0.679311, 0.664636, 0.701423, 0.775793, 0.840956, 0.709789, 0.700867]
metric:[0.639328, 0.633137, 0.641397, 0.640213, 0.640764, 0.646926, 0.639491, 0.619561, 0.639679, 0.634398, 0.643273, 0.642153, 0.643633, 0.653245, 0.644384, 0.624047, 0.640276, 0.635259, 0.645153, 0.646061, 0.644597, 0.653108, 0.648758, 0.629152, 0.664299, 0.675524, 0.775235, 0.843787, 0.683979, 0.679311, 0.664636, 0.701423, 0.775793, 0.840956, 0.709789, 0.700867, 0.690505]
metric:[0.639328, 0.633137, 0.641397, 0.640213, 0.640764, 0.646926, 0.639491, 0.619561, 0.639679, 0.634398, 0.643273, 0.642153, 0.643633, 0.653245, 0.644384, 0.624047, 0.640276, 0.635259, 0.645153, 0.646061, 0.644597, 0.653108, 0.648758, 0.629152, 0.664299, 0.675524, 0.775235, 0.843787, 0.683979, 0.679311, 0.664636, 0.701423, 0.775793, 0.840956, 0.709789, 0.700867, 0.690505, 0.69644]
metric:[0.639328, 0.633137, 0.641397, 0.640213, 0.640764, 0.646926, 0.639491, 0.619561, 0.639679, 0.634398, 0.643273, 0.642153, 0.643633, 0.653245, 0.644384, 0.624047, 0.640276, 0.635259, 0.645153, 0.646061, 0.644597, 0.653108, 0.648758, 0.629152, 0.664299, 0.675524, 0.775235, 0.843787, 0.683979, 0.679311, 0.664636, 0.701423, 0.775793, 0.840956, 0.709789, 0.700867, 0.690505, 0.69644, 0.768167]
metric:[0.639328, 0.633137, 0.641397, 0.640213, 0.640764, 0.646926, 0.639491, 0.619561, 0.639679, 0.634398, 0.643273, 0.642153, 0.643633, 0.653245, 0.644384, 0.624047, 0.640276, 0.635259, 0.645153, 0.646061, 0.644597, 0.653108, 0.648758, 0.629152, 0.664299, 0.675524, 0.775235, 0.843787, 0.683979, 0.679311, 0.664636, 0.701423, 0.775793, 0.840956, 0.709789, 0.700867, 0.690505, 0.69644, 0.768167, 0.659152]
metric:[0.639328, 0.633137, 0.641397, 0.640213, 0.640764, 0.646926, 0.639491, 0.619561, 0.639679, 0.634398, 0.643273, 0.642153, 0.643633, 0.653245, 0.644384, 0.624047, 0.640276, 0.635259, 0.645153, 0.646061, 0.644597, 0.653108, 0.648758, 0.629152, 0.664299, 0.675524, 0.775235, 0.843787, 0.683979, 0.679311, 0.664636, 0.701423, 0.775793, 0.840956, 0.709789, 0.700867, 0.690505, 0.69644, 0.768167, 0.659152, 0.648744]

# Trained with 150 High cut
metric:[0.639328, 0.633137, 0.641397, 0.640213, 0.640764, 0.646926, 0.639491, 0.619561, 0.639679, 0.634398, 0.643273, 0.642153, 0.643633, 0.653245, 0.644384, 0.624047, 0.640276, 0.635259, 0.645153, 0.646061, 0.644597, 0.653108, 0.648758, 0.629152, 0.664299, 0.675524, 0.775235, 0.843787, 0.683979, 0.679311, 0.664636, 0.701423, 0.775793, 0.840956, 0.709789, 0.700867, 0.690505, 0.69644, 0.768167, 0.659152, 0.648744, 0.631683]

# NEW Run Trained with 140 High cut
metric:[0.572023]
metric:[0.572023, 0.582386]

metric:[0.578908]
metric:[0.578908, 0.582191]
metric:[0.578908, 0.582191, 0.585881]
metric:[0.578908, 0.582191, 0.585881, 0.592948]
metric:[0.578908, 0.582191, 0.585881, 0.592948, 0.611807]
metric:[0.578908, 0.582191, 0.585881, 0.592948, 0.611807, 0.629037]
metric:[0.578908, 0.582191, 0.585881, 0.592948, 0.611807, 0.629037, 0.617321]
metric:[0.578908, 0.582191, 0.585881, 0.592948, 0.611807, 0.629037, 0.617321, 0.599483]
metric:[0.578908, 0.582191, 0.585881, 0.592948, 0.611807, 0.629037, 0.617321, 0.599483, 0.576824]
metric:[0.578908, 0.582191, 0.585881, 0.592948, 0.611807, 0.629037, 0.617321, 0.599483, 0.576824, 0.579644]
metric:[0.578908, 0.582191, 0.585881, 0.592948, 0.611807, 0.629037, 0.617321, 0.599483, 0.576824, 0.579644, 0.586204]
metric:[0.578908, 0.582191, 0.585881, 0.592948, 0.611807, 0.629037, 0.617321, 0.599483, 0.576824, 0.579644, 0.586204, 0.590726]
metric:[0.578908, 0.582191, 0.585881, 0.592948, 0.611807, 0.629037, 0.617321, 0.599483, 0.576824, 0.579644, 0.586204, 0.590726, 0.611233]
metric:[0.578908, 0.582191, 0.585881, 0.592948, 0.611807, 0.629037, 0.617321, 0.599483, 0.576824, 0.579644, 0.586204, 0.590726, 0.611233, 0.631642]
metric:[0.578908, 0.582191, 0.585881, 0.592948, 0.611807, 0.629037, 0.617321, 0.599483, 0.576824, 0.579644, 0.586204, 0.590726, 0.611233, 0.631642, 0.617423]
metric:[0.578908, 0.582191, 0.585881, 0.592948, 0.611807, 0.629037, 0.617321, 0.599483, 0.576824, 0.579644, 0.586204, 0.590726, 0.611233, 0.631642, 0.617423, 0.60262]
metric:[0.578908, 0.582191, 0.585881, 0.592948, 0.611807, 0.629037, 0.617321, 0.599483, 0.576824, 0.579644, 0.586204, 0.590726, 0.611233, 0.631642, 0.617423, 0.60262, 0.572023]
metric:[0.578908, 0.582191, 0.585881, 0.592948, 0.611807, 0.629037, 0.617321, 0.599483, 0.576824, 0.579644, 0.586204, 0.590726, 0.611233, 0.631642, 0.617423, 0.60262, 0.572023, 0.582386]
metric:[0.578908, 0.582191, 0.585881, 0.592948, 0.611807, 0.629037, 0.617321, 0.599483, 0.576824, 0.579644, 0.586204, 0.590726, 0.611233, 0.631642, 0.617423, 0.60262, 0.572023, 0.582386, 0.583632]
metric:[0.578908, 0.582191, 0.585881, 0.592948, 0.611807, 0.629037, 0.617321, 0.599483, 0.576824, 0.579644, 0.586204, 0.590726, 0.611233, 0.631642, 0.617423, 0.60262, 0.572023, 0.582386, 0.583632, 0.593273]
metric:[0.578908, 0.582191, 0.585881, 0.592948, 0.611807, 0.629037, 0.617321, 0.599483, 0.576824, 0.579644, 0.586204, 0.590726, 0.611233, 0.631642, 0.617423, 0.60262, 0.572023, 0.582386, 0.583632, 0.593273, 0.613001]
metric:[0.578908, 0.582191, 0.585881, 0.592948, 0.611807, 0.629037, 0.617321, 0.599483, 0.576824, 0.579644, 0.586204, 0.590726, 0.611233, 0.631642, 0.617423, 0.60262, 0.572023, 0.582386, 0.583632, 0.593273, 0.613001, 0.63491]
metric:[0.578908, 0.582191, 0.585881, 0.592948, 0.611807, 0.629037, 0.617321, 0.599483, 0.576824, 0.579644, 0.586204, 0.590726, 0.611233, 0.631642, 0.617423, 0.60262, 0.572023, 0.582386, 0.583632, 0.593273, 0.613001, 0.63491, 0.624613]
metric:[0.578908, 0.582191, 0.585881, 0.592948, 0.611807, 0.629037, 0.617321, 0.599483, 0.576824, 0.579644, 0.586204, 0.590726, 0.611233, 0.631642, 0.617423, 0.60262, 0.572023, 0.582386, 0.583632, 0.593273, 0.613001, 0.63491, 0.624613, 0.609742]
metric:[0.578908, 0.582191, 0.585881, 0.592948, 0.611807, 0.629037, 0.617321, 0.599483, 0.576824, 0.579644, 0.586204, 0.590726, 0.611233, 0.631642, 0.617423, 0.60262, 0.572023, 0.582386, 0.583632, 0.593273, 0.613001, 0.63491, 0.624613, 0.609742, 0.579447]
metric:[0.578908, 0.582191, 0.585881, 0.592948, 0.611807, 0.629037, 0.617321, 0.599483, 0.576824, 0.579644, 0.586204, 0.590726, 0.611233, 0.631642, 0.617423, 0.60262, 0.572023, 0.582386, 0.583632, 0.593273, 0.613001, 0.63491, 0.624613, 0.609742, 0.579447, 0.585265]
metric:[0.578908, 0.582191, 0.585881, 0.592948, 0.611807, 0.629037, 0.617321, 0.599483, 0.576824, 0.579644, 0.586204, 0.590726, 0.611233, 0.631642, 0.617423, 0.60262, 0.572023, 0.582386, 0.583632, 0.593273, 0.613001, 0.63491, 0.624613, 0.609742, 0.579447, 0.585265, 0.592165]
metric:[0.578908, 0.582191, 0.585881, 0.592948, 0.611807, 0.629037, 0.617321, 0.599483, 0.576824, 0.579644, 0.586204, 0.590726, 0.611233, 0.631642, 0.617423, 0.60262, 0.572023, 0.582386, 0.583632, 0.593273, 0.613001, 0.63491, 0.624613, 0.609742, 0.579447, 0.585265, 0.592165, 0.611091]
metric:[0.578908, 0.582191, 0.585881, 0.592948, 0.611807, 0.629037, 0.617321, 0.599483, 0.576824, 0.579644, 0.586204, 0.590726, 0.611233, 0.631642, 0.617423, 0.60262, 0.572023, 0.582386, 0.583632, 0.593273, 0.613001, 0.63491, 0.624613, 0.609742, 0.579447, 0.585265, 0.592165, 0.611091, 0.634207]

metric:[0.578908, 0.582191, 0.585881, 0.592948, 0.611807, 0.629037, 0.617321, 0.599483, 0.576824, 0.579644, 0.586204, 0.590726, 0.611233, 0.631642, 0.617423, 0.60262, 0.572023, 0.582386, 0.583632, 0.593273, 0.613001, 0.63491, 0.624613, 0.609742, 0.579447, 0.585265, 0.592165, 0.611091, 0.634207, 0.625811]

# New run from 100

metric:[0.579573]
metric:[0.579573]
metric:[0.579573]
metric:[0.579573, 0.585348]
metric:[0.579573, 0.585348, 0.592018]
metric:[0.579573, 0.585348, 0.592018, 0.611044]
metric:[0.579573, 0.585348, 0.592018, 0.611044, 0.634131]
metric:[0.579573, 0.585348, 0.592018, 0.611044, 0.634131, 0.625715]
metric:[0.579573, 0.585348, 0.592018, 0.611044, 0.634131, 0.625715, 0.615269]
metric:[0.579573, 0.585348, 0.592018, 0.611044, 0.634131, 0.625715, 0.615269, 0.578128]
metric:[0.579573, 0.585348, 0.592018, 0.611044, 0.634131, 0.625715, 0.615269, 0.578128, 0.587543]
metric:[0.579573, 0.585348, 0.592018, 0.611044, 0.634131, 0.625715, 0.615269, 0.578128, 0.587543, 0.606039]
metric:[0.579573, 0.585348, 0.592018, 0.611044, 0.634131, 0.625715, 0.615269, 0.578128, 0.587543, 0.606039, 0.635299]
metric:[0.579573, 0.585348, 0.592018, 0.611044, 0.634131, 0.625715, 0.615269, 0.578128, 0.587543, 0.606039, 0.635299, 0.621985]
metric:[0.579573, 0.585348, 0.592018, 0.611044, 0.634131, 0.625715, 0.615269, 0.578128, 0.587543, 0.606039, 0.635299, 0.621985, 0.609144]
metric:[0.579573, 0.585348, 0.592018, 0.611044, 0.634131, 0.625715, 0.615269, 0.578128, 0.587543, 0.606039, 0.635299, 0.621985, 0.609144, 0.590134]
metric:[0.579573, 0.585348, 0.592018, 0.611044, 0.634131, 0.625715, 0.615269, 0.578128, 0.587543, 0.606039, 0.635299, 0.621985, 0.609144, 0.590134, 0.610823]
metric:[0.579573, 0.585348, 0.592018, 0.611044, 0.634131, 0.625715, 0.615269, 0.578128, 0.587543, 0.606039, 0.635299, 0.621985, 0.609144, 0.590134, 0.610823, 0.630836]
metric:[0.579573, 0.585348, 0.592018, 0.611044, 0.634131, 0.625715, 0.615269, 0.578128, 0.587543, 0.606039, 0.635299, 0.621985, 0.609144, 0.590134, 0.610823, 0.630836, 0.616669]
metric:[0.579573, 0.585348, 0.592018, 0.611044, 0.634131, 0.625715, 0.615269, 0.578128, 0.587543, 0.606039, 0.635299, 0.621985, 0.609144, 0.590134, 0.610823, 0.630836, 0.616669, 0.604818]
metric:[0.57888]
metric:[0.57888, 0.582306]
metric:[0.57888, 0.582306, 0.585901]
metric:[0.57888, 0.582306, 0.585901, 0.592896]
metric:[0.57888, 0.582306, 0.585901, 0.592896, 0.611887]
metric:[0.57888, 0.582306, 0.585901, 0.592896, 0.611887, 0.629084]
metric:[0.57888, 0.582306, 0.585901, 0.592896, 0.611887, 0.629084, 0.617326]
metric:[0.57888, 0.582306, 0.585901, 0.592896, 0.611887, 0.629084, 0.617326, 0.599608]
metric:[0.57888, 0.582306, 0.585901, 0.592896, 0.611887, 0.629084, 0.617326, 0.599608, 0.576688]
metric:[0.57888, 0.582306, 0.585901, 0.592896, 0.611887, 0.629084, 0.617326, 0.599608, 0.576688, 0.579673]
metric:[0.57888, 0.582306, 0.585901, 0.592896, 0.611887, 0.629084, 0.617326, 0.599608, 0.576688, 0.579673, 0.586204]
metric:[0.57888]
metric:[0.57888, 0.582306]
metric:[0.57888, 0.582306, 0.585901]
metric:[0.57888, 0.582306, 0.585901, 0.592896]
metric:[0.57888, 0.582306, 0.585901, 0.592896, 0.611887]
metric:[0.57888, 0.582306, 0.585901, 0.592896, 0.611887, 0.629084]
metric:[0.57888, 0.582306, 0.585901, 0.592896, 0.611887, 0.629084, 0.617326]
metric:[0.57888, 0.582306, 0.585901, 0.592896, 0.611887, 0.629084, 0.617326, 0.599608]
metric:[0.57888, 0.582306, 0.585901, 0.592896, 0.611887, 0.629084, 0.617326, 0.599608, 0.576688]
metric:[0.57888, 0.582306, 0.585901, 0.592896, 0.611887, 0.629084, 0.617326, 0.599608, 0.576688, 0.579673]
metric:[0.57888, 0.582306, 0.585901, 0.592896, 0.611887, 0.629084, 0.617326, 0.599608, 0.576688, 0.579673, 0.586204]
metric:[0.57888, 0.582306, 0.585901, 0.592896, 0.611887, 0.629084, 0.617326, 0.599608, 0.576688, 0.579673, 0.586204, 0.5906]
metric:[0.57888, 0.582306, 0.585901, 0.592896, 0.611887, 0.629084, 0.617326, 0.599608, 0.576688, 0.579673, 0.586204, 0.5906, 0.611291]
metric:[0.57888, 0.582306, 0.585901, 0.592896, 0.611887, 0.629084, 0.617326, 0.599608, 0.576688, 0.579673, 0.586204, 0.5906, 0.611291, 0.631618]
metric:[0.57888, 0.582306, 0.585901, 0.592896, 0.611887, 0.629084, 0.617326, 0.599608, 0.576688, 0.579673, 0.586204, 0.5906, 0.611291, 0.631618, 0.617352]
metric:[0.57888, 0.582306, 0.585901, 0.592896, 0.611887, 0.629084, 0.617326, 0.599608, 0.576688, 0.579673, 0.586204, 0.5906, 0.611291, 0.631618, 0.617352, 0.602609]
metric:[0.57888, 0.582306, 0.585901, 0.592896, 0.611887, 0.629084, 0.617326, 0.599608, 0.576688, 0.579673, 0.586204, 0.5906, 0.611291, 0.631618, 0.617352, 0.602609, 0.571933]
metric:[0.57888, 0.582306, 0.585901, 0.592896, 0.611887, 0.629084, 0.617326, 0.599608, 0.576688, 0.579673, 0.586204, 0.5906, 0.611291, 0.631618, 0.617352, 0.602609, 0.571933, 0.582473]
metric:[0.57888, 0.582306, 0.585901, 0.592896, 0.611887, 0.629084, 0.617326, 0.599608, 0.576688, 0.579673, 0.586204, 0.5906, 0.611291, 0.631618, 0.617352, 0.602609, 0.571933, 0.582473, 0.583662]
metric:[0.57888, 0.582306, 0.585901, 0.592896, 0.611887, 0.629084, 0.617326, 0.599608, 0.576688, 0.579673, 0.586204, 0.5906, 0.611291, 0.631618, 0.617352, 0.602609, 0.571933, 0.582473, 0.583662, 0.593151]
metric:[0.57888, 0.582306, 0.585901, 0.592896, 0.611887, 0.629084, 0.617326, 0.599608, 0.576688, 0.579673, 0.586204, 0.5906, 0.611291, 0.631618, 0.617352, 0.602609, 0.571933, 0.582473, 0.583662, 0.593151, 0.613007]
metric:[0.57888, 0.582306, 0.585901, 0.592896, 0.611887, 0.629084, 0.617326, 0.599608, 0.576688, 0.579673, 0.586204, 0.5906, 0.611291, 0.631618, 0.617352, 0.602609, 0.571933, 0.582473, 0.583662, 0.593151, 0.613007, 0.634869]
metric:[0.57888, 0.582306, 0.585901, 0.592896, 0.611887, 0.629084, 0.617326, 0.599608, 0.576688, 0.579673, 0.586204, 0.5906, 0.611291, 0.631618, 0.617352, 0.602609, 0.571933, 0.582473, 0.583662, 0.593151, 0.613007, 0.634869, 0.624602]
metric:[0.57888, 0.582306, 0.585901, 0.592896, 0.611887, 0.629084, 0.617326, 0.599608, 0.576688, 0.579673, 0.586204, 0.5906, 0.611291, 0.631618, 0.617352, 0.602609, 0.571933, 0.582473, 0.583662, 0.593151, 0.613007, 0.634869, 0.624602, 0.609848]
metric:[0.57888, 0.582306, 0.585901, 0.592896, 0.611887, 0.629084, 0.617326, 0.599608, 0.576688, 0.579673, 0.586204, 0.5906, 0.611291, 0.631618, 0.617352, 0.602609, 0.571933, 0.582473, 0.583662, 0.593151, 0.613007, 0.634869, 0.624602, 0.609848, 0.579573]
metric:[0.57888, 0.582306, 0.585901, 0.592896, 0.611887, 0.629084, 0.617326, 0.599608, 0.576688, 0.579673, 0.586204, 0.5906, 0.611291, 0.631618, 0.617352, 0.602609, 0.571933, 0.582473, 0.583662, 0.593151, 0.613007, 0.634869, 0.624602, 0.609848, 0.579573, 0.585348]
metric:[0.57888, 0.582306, 0.585901, 0.592896, 0.611887, 0.629084, 0.617326, 0.599608, 0.576688, 0.579673, 0.586204, 0.5906, 0.611291, 0.631618, 0.617352, 0.602609, 0.571933, 0.582473, 0.583662, 0.593151, 0.613007, 0.634869, 0.624602, 0.609848, 0.579573, 0.585348, 0.592018]
metric:[0.57888, 0.582306, 0.585901, 0.592896, 0.611887, 0.629084, 0.617326, 0.599608, 0.576688, 0.579673, 0.586204, 0.5906, 0.611291, 0.631618, 0.617352, 0.602609, 0.571933, 0.582473, 0.583662, 0.593151, 0.613007, 0.634869, 0.624602, 0.609848, 0.579573, 0.585348, 0.592018, 0.611044]
metric:[0.57888, 0.582306, 0.585901, 0.592896, 0.611887, 0.629084, 0.617326, 0.599608, 0.576688, 0.579673, 0.586204, 0.5906, 0.611291, 0.631618, 0.617352, 0.602609, 0.571933, 0.582473, 0.583662, 0.593151, 0.613007, 0.634869, 0.624602, 0.609848, 0.579573, 0.585348, 0.592018, 0.611044, 0.634131]
metric:[0.57888, 0.582306, 0.585901, 0.592896, 0.611887, 0.629084, 0.617326, 0.599608, 0.576688, 0.579673, 0.586204, 0.5906, 0.611291, 0.631618, 0.617352, 0.602609, 0.571933, 0.582473, 0.583662, 0.593151, 0.613007, 0.634869, 0.624602, 0.609848, 0.579573, 0.585348, 0.592018, 0.611044, 0.634131, 0.625715]
metric:[0.57888, 0.582306, 0.585901, 0.592896, 0.611887, 0.629084, 0.617326, 0.599608, 0.576688, 0.579673, 0.586204, 0.5906, 0.611291, 0.631618, 0.617352, 0.602609, 0.571933, 0.582473, 0.583662, 0.593151, 0.613007, 0.634869, 0.624602, 0.609848, 0.579573, 0.585348, 0.592018, 0.611044, 0.634131, 0.625715, 0.615269]
metric:[0.57888, 0.582306, 0.585901, 0.592896, 0.611887, 0.629084, 0.617326, 0.599608, 0.576688, 0.579673, 0.586204, 0.5906, 0.611291, 0.631618, 0.617352, 0.602609, 0.571933, 0.582473, 0.583662, 0.593151, 0.613007, 0.634869, 0.624602, 0.609848, 0.579573, 0.585348, 0.592018, 0.611044, 0.634131, 0.625715, 0.615269, 0.578128]
metric:[0.57888, 0.582306, 0.585901, 0.592896, 0.611887, 0.629084, 0.617326, 0.599608, 0.576688, 0.579673, 0.586204, 0.5906, 0.611291, 0.631618, 0.617352, 0.602609, 0.571933, 0.582473, 0.583662, 0.593151, 0.613007, 0.634869, 0.624602, 0.609848, 0.579573, 0.585348, 0.592018, 0.611044, 0.634131, 0.625715, 0.615269, 0.578128, 0.587543]
metric:[0.57888, 0.582306, 0.585901, 0.592896, 0.611887, 0.629084, 0.617326, 0.599608, 0.576688, 0.579673, 0.586204, 0.5906, 0.611291, 0.631618, 0.617352, 0.602609, 0.571933, 0.582473, 0.583662, 0.593151, 0.613007, 0.634869, 0.624602, 0.609848, 0.579573, 0.585348, 0.592018, 0.611044, 0.634131, 0.625715, 0.615269, 0.578128, 0.587543, 0.606039]
metric:[0.57888, 0.582306, 0.585901, 0.592896, 0.611887, 0.629084, 0.617326, 0.599608, 0.576688, 0.579673, 0.586204, 0.5906, 0.611291, 0.631618, 0.617352, 0.602609, 0.571933, 0.582473, 0.583662, 0.593151, 0.613007, 0.634869, 0.624602, 0.609848, 0.579573, 0.585348, 0.592018, 0.611044, 0.634131, 0.625715, 0.615269, 0.578128, 0.587543, 0.606039, 0.635299]
metric:[0.57888, 0.582306, 0.585901, 0.592896, 0.611887, 0.629084, 0.617326, 0.599608, 0.576688, 0.579673, 0.586204, 0.5906, 0.611291, 0.631618, 0.617352, 0.602609, 0.571933, 0.582473, 0.583662, 0.593151, 0.613007, 0.634869, 0.624602, 0.609848, 0.579573, 0.585348, 0.592018, 0.611044, 0.634131, 0.625715, 0.615269, 0.578128, 0.587543, 0.606039, 0.635299, 0.621985]
metric:[0.57888, 0.582306, 0.585901, 0.592896, 0.611887, 0.629084, 0.617326, 0.599608, 0.576688, 0.579673, 0.586204, 0.5906, 0.611291, 0.631618, 0.617352, 0.602609, 0.571933, 0.582473, 0.583662, 0.593151, 0.613007, 0.634869, 0.624602, 0.609848, 0.579573, 0.585348, 0.592018, 0.611044, 0.634131, 0.625715, 0.615269, 0.578128, 0.587543, 0.606039, 0.635299, 0.621985, 0.609144]
metric:[0.57888, 0.582306, 0.585901, 0.592896, 0.611887, 0.629084, 0.617326, 0.599608, 0.576688, 0.579673, 0.586204, 0.5906, 0.611291, 0.631618, 0.617352, 0.602609, 0.571933, 0.582473, 0.583662, 0.593151, 0.613007, 0.634869, 0.624602, 0.609848, 0.579573, 0.585348, 0.592018, 0.611044, 0.634131, 0.625715, 0.615269, 0.578128, 0.587543, 0.606039, 0.635299, 0.621985, 0.609144, 0.590134]
metric:[0.57888, 0.582306, 0.585901, 0.592896, 0.611887, 0.629084, 0.617326, 0.599608, 0.576688, 0.579673, 0.586204, 0.5906, 0.611291, 0.631618, 0.617352, 0.602609, 0.571933, 0.582473, 0.583662, 0.593151, 0.613007, 0.634869, 0.624602, 0.609848, 0.579573, 0.585348, 0.592018, 0.611044, 0.634131, 0.625715, 0.615269, 0.578128, 0.587543, 0.606039, 0.635299, 0.621985, 0.609144, 0.590134, 0.610823]
metric:[0.57888, 0.582306, 0.585901, 0.592896, 0.611887, 0.629084, 0.617326, 0.599608, 0.576688, 0.579673, 0.586204, 0.5906, 0.611291, 0.631618, 0.617352, 0.602609, 0.571933, 0.582473, 0.583662, 0.593151, 0.613007, 0.634869, 0.624602, 0.609848, 0.579573, 0.585348, 0.592018, 0.611044, 0.634131, 0.625715, 0.615269, 0.578128, 0.587543, 0.606039, 0.635299, 0.621985, 0.609144, 0.590134, 0.610823, 0.630836]
metric:[0.57888, 0.582306, 0.585901, 0.592896, 0.611887, 0.629084, 0.617326, 0.599608, 0.576688, 0.579673, 0.586204, 0.5906, 0.611291, 0.631618, 0.617352, 0.602609, 0.571933, 0.582473, 0.583662, 0.593151, 0.613007, 0.634869, 0.624602, 0.609848, 0.579573, 0.585348, 0.592018, 0.611044, 0.634131, 0.625715, 0.615269, 0.578128, 0.587543, 0.606039, 0.635299, 0.621985, 0.609144, 0.590134, 0.610823, 0.630836, 0.616669]
metric:[0.57888, 0.582306, 0.585901, 0.592896, 0.611887, 0.629084, 0.617326, 0.599608, 0.576688, 0.579673, 0.586204, 0.5906, 0.611291, 0.631618, 0.617352, 0.602609, 0.571933, 0.582473, 0.583662, 0.593151, 0.613007, 0.634869, 0.624602, 0.609848, 0.579573, 0.585348, 0.592018, 0.611044, 0.634131, 0.625715, 0.615269, 0.578128, 0.587543, 0.606039, 0.635299, 0.621985, 0.609144, 0.590134, 0.610823, 0.630836, 0.616669, 0.604818]
metric:[7.4062]
metric:[7.4062, 9.4688]
metric:[7.4062, 9.4688, 9.4062]
metric:[7.4062, 9.4688, 9.4062, 7.6562]
metric:[7.4062, 9.4688, 9.4062, 7.6562, 7.9062]
metric:[7.4062, 9.4688, 9.4062, 7.6562, 7.9062, 7.8438]
metric:[7.4062, 9.4688, 9.4062, 7.6562, 7.9062, 7.8438, 8.2812]
metric:[7.4062, 9.4688, 9.4062, 7.6562, 7.9062, 7.8438, 8.2812, 9.4531]
metric:[7.4062, 9.4688, 9.4062, 7.6562, 7.9062, 7.8438, 8.2812, 9.4531, 12.2188]
metric:[1.9922]
metric:[1.9922, 2.0859]
metric:[1.9922, 2.0859, 2.0547]
metric:[1.9922, 2.0859, 2.0547, 2.0625]
metric:[1.9922, 2.0859, 2.0547, 2.0625, 2.1016]
metric:[1.9922, 2.0859, 2.0547, 2.0625, 2.1016, 2.0547]
metric:[1.9922, 2.0859, 2.0547, 2.0625, 2.1016, 2.0547, 2.1797]
metric:[1.9922, 2.0859, 2.0547, 2.0625, 2.1016, 2.0547, 2.1797, 2.0547]
metric:[1.9922, 2.0859, 2.0547, 2.0625, 2.1016, 2.0547, 2.1797, 2.0547, 2.2266]