-2.5 -1.57 15.0 25.0 0.875 0.01
-2.5 -1.57 25.0 35.0 0.909 0.007
-2.5 -1.57 35.0 45.0 0.933 0.004
-2.5 -1.57 45.0 55.0 0.944 0.004
-2.5 -1.57 55.0 200.0 0.965 0.009
-1.57 -1.44 15.0 25.0 0.92 0.022
-1.57 -1.44 25.0 35.0 0.959 0.016
-1.57 -1.44 35.0 45.0 0.949 0.016
-1.57 -1.44 45.0 55.0 0.959 0.007
-1.57 -1.44 55.0 200.0 0.96 0.013
-1.44 -0.8 15.0 25.0 0.951 0.014
-1.44 -0.8 25.0 35.0 0.962 0.005
-1.44 -0.8 35.0 45.0 0.972 0.002
-1.44 -0.8 45.0 55.0 0.978 0.004
-1.44 -0.8 55.0 200.0 0.973 0.007
-0.8 0.0 15.0 25.0 0.933 0.011
-0.8 0.0 25.0 35.0 0.964 0.004
-0.8 0.0 35.0 45.0 0.972 0.002
-0.8 0.0 45.0 55.0 0.98 0.002
-0.8 0.0 55.0 200.0 0.986 0.003
0.0 0.8 15.0 25.0 0.945 0.011
0.0 0.8 25.0 35.0 0.969 0.004
0.0 0.8 35.0 45.0 0.977 0.002
0.0 0.8 45.0 55.0 0.986 0.002
0.0 0.8 55.0 200.0 0.984 0.003
0.8 1.44 15.0 25.0 0.953 0.014
0.8 1.44 25.0 35.0 0.962 0.005
0.8 1.44 35.0 45.0 0.972 0.002
0.8 1.44 45.0 55.0 0.975 0.004
0.8 1.44 55.0 200.0 0.975 0.007
1.44 1.57 15.0 25.0 0.875 0.022
1.44 1.57 25.0 35.0 0.918 0.016
1.44 1.57 35.0 45.0 0.943 0.016
1.44 1.57 45.0 55.0 0.932 0.007
1.44 1.57 55.0 200.0 0.99 0.013
1.57 2.5 15.0 25.0 0.877 0.01
1.57 2.5 25.0 35.0 0.91 0.007
1.57 2.5 35.0 45.0 0.935 0.004
1.57 2.5 45.0 55.0 0.949 0.004
1.57 2.5 55.0 200.0 0.963 0.009
