-2.5 -1.556 20.0 25.0 0.788 0.011
-2.5 -1.556 25.0 35.0 1.037 0.003
-2.5 -1.556 35.0 45.0 1.008 0.004
-2.5 -1.556 45.0 55.0 1.016 0.004
-2.5 -1.556 55.0 200.0 1.035 0.003
-1.556 -0.8 20.0 25.0 1.046 0.032
-1.556 -0.8 25.0 35.0 0.991 0.011
-1.556 -0.8 35.0 45.0 0.99 0.003
-1.556 -0.8 45.0 55.0 0.994 0.003
-1.556 -0.8 55.0 200.0 1.014 0.005
-0.8 0.0 20.0 25.0 0.693 0.007
-0.8 0.0 25.0 35.0 0.971 0.006
-0.8 0.0 35.0 45.0 0.995 0.001
-0.8 0.0 45.0 55.0 0.996 0.003
-0.8 0.0 55.0 200.0 0.983 0.004
0.0 0.8 20.0 25.0 0.945 0.01
0.0 0.8 25.0 35.0 0.98 0.007
0.0 0.8 35.0 45.0 0.988 0.002
0.0 0.8 45.0 55.0 1.003 0.001
0.0 0.8 55.0 200.0 1.002 0.004
0.8 1.556 20.0 25.0 0.994 0.045
0.8 1.556 25.0 35.0 0.991 0.008
0.8 1.556 35.0 45.0 0.991 0.001
0.8 1.556 45.0 55.0 0.994 0.003
0.8 1.556 55.0 200.0 1.012 0.005
1.556 2.5 20.0 25.0 1.054 0.036
1.556 2.5 25.0 35.0 0.979 0.002
1.556 2.5 35.0 45.0 1.0 0.001
1.556 2.5 45.0 55.0 1.004 0.002
1.556 2.5 55.0 200.0 1.034 0.018
