0.880816976731
0.883295263387
0.88484253663
0.885849995523
0.88676047227
0.887413298534
0.887581857003
0.887762792037
0.887953999021
0.887949478096
0.888003156382
0.888540105856
0.888726773581
0.889483103723
0.890672285402
0.887453783834
0.885634178559
0.886573711271
0.884982246847
0.885370581418
0.88484253663
0.879344293978
0.876143055765
0.868386848514
0.860501075915
0.877630665112
0.885293752489
0.886322214934
0.887533580678
0.886951773657
0.889479350043
0.890600919152
0.890170559305
0.891247970566
0.891152136427
0.889796718576
0.891263259853
0.875868420817
0.867183777068
0.888512335313
0.899972081381
