-2.5 -2.45 25.0 500.0 1.318 0.018
-2.45 -2.4 25.0 500.0 1.114 0.011
-2.4 -2.3 25.0 500.0 1.025 0.008
-2.3 -2.2 25.0 500.0 1.014 0.007
-2.2 -2.0 25.0 500.0 1.007 0.004
-2.0 -1.8 25.0 500.0 0.995 0.006
-1.8 -1.63 25.0 500.0 0.995 0.005
-1.63 -1.566 25.0 500.0 0.992 0.006
-1.566 -1.444 25.0 500.0 0.963 0.026
-1.444 -1.2 25.0 500.0 0.99 0.004
-1.2 -1.0 25.0 500.0 0.986 0.005
-1.0 -0.6 25.0 500.0 0.982 0.003
-0.6 -0.4 25.0 500.0 0.985 0.006
-0.4 -0.2 25.0 500.0 0.982 0.006
-0.2 0.0 25.0 500.0 0.98 0.005
0.0 0.2 25.0 500.0 0.985 0.005
0.2 0.4 25.0 500.0 0.989 0.006
0.4 0.6 25.0 500.0 0.988 0.006
0.6 1.0 25.0 500.0 0.988 0.003
1.0 1.2 25.0 500.0 0.988 0.005
1.2 1.444 25.0 500.0 0.988 0.004
1.444 1.566 25.0 500.0 0.968 0.026
1.566 1.63 25.0 500.0 0.99 0.006
1.63 1.8 25.0 500.0 0.993 0.005
1.8 2.0 25.0 500.0 0.992 0.006
2.0 2.2 25.0 500.0 0.998 0.004
2.2 2.3 25.0 500.0 1.001 0.007
2.3 2.4 25.0 500.0 0.99 0.008
2.4 2.45 25.0 500.0 0.971 0.011
2.45 2.5 25.0 500.0 0.907 0.018
