-2.5 -2.0 10.0 20.0 0.918 0.017
-2.5 -2.0 20.0 35.0 0.931 0.006
-2.5 -2.0 35.0 50.0 0.955 0.006
-2.5 -2.0 50.0 90.0 0.966 0.008
-2.5 -2.0 90.0 150.0 1.021 0.023
-2.5 -2.0 150.0 500.0 1.021 0.023
-2.0 -1.566 10.0 20.0 0.877 0.011
-2.0 -1.566 20.0 35.0 0.903 0.016
-2.0 -1.566 35.0 50.0 0.935 0.004
-2.0 -1.566 50.0 90.0 0.952 0.003
-2.0 -1.566 90.0 150.0 0.983 0.01
-2.0 -1.566 150.0 500.0 0.983 0.01
-1.566 -1.444 10.0 20.0 0.9 0.11
-1.566 -1.444 20.0 35.0 0.905 0.099
-1.566 -1.444 35.0 50.0 0.929 0.004
-1.566 -1.444 50.0 90.0 0.933 0.012
-1.566 -1.444 90.0 150.0 0.975 0.023
-1.566 -1.444 150.0 500.0 0.975 0.023
-1.444 -0.8 10.0 20.0 0.909 0.014
-1.444 -0.8 20.0 35.0 0.93 0.011
-1.444 -0.8 35.0 50.0 0.944 0.004
-1.444 -0.8 50.0 90.0 0.945 0.013
-1.444 -0.8 90.0 150.0 0.964 0.006
-1.444 -0.8 150.0 500.0 0.964 0.006
-0.8 0.0 10.0 20.0 0.913 0.018
-0.8 0.0 20.0 35.0 0.933 0.01
-0.8 0.0 35.0 50.0 0.947 0.004
-0.8 0.0 50.0 90.0 0.95 0.013
-0.8 0.0 90.0 150.0 0.964 0.01
-0.8 0.0 150.0 500.0 0.964 0.01
0.0 0.8 10.0 20.0 0.933 0.018
0.0 0.8 20.0 35.0 0.958 0.01
0.0 0.8 35.0 50.0 0.965 0.004
0.0 0.8 50.0 90.0 0.968 0.013
0.0 0.8 90.0 150.0 0.988 0.01
0.0 0.8 150.0 500.0 0.988 0.01
0.8 1.444 10.0 20.0 0.925 0.014
0.8 1.444 20.0 35.0 0.94 0.011
0.8 1.444 35.0 50.0 0.952 0.004
0.8 1.444 50.0 90.0 0.952 0.013
0.8 1.444 90.0 150.0 0.978 0.006
0.8 1.444 150.0 500.0 0.978 0.006
1.444 1.566 10.0 20.0 0.885 0.11
1.444 1.566 20.0 35.0 0.89 0.099
1.444 1.566 35.0 50.0 0.926 0.004
1.444 1.566 50.0 90.0 0.927 0.012
1.444 1.566 90.0 150.0 0.94 0.023
1.444 1.566 150.0 500.0 0.94 0.023
1.566 2.0 10.0 20.0 0.926 0.011
1.566 2.0 20.0 35.0 0.919 0.016
1.566 2.0 35.0 50.0 0.948 0.004
1.566 2.0 50.0 90.0 0.959 0.003
1.566 2.0 90.0 150.0 0.984 0.01
1.566 2.0 150.0 500.0 0.984 0.01
2.0 2.5 10.0 20.0 0.918 0.017
2.0 2.5 20.0 35.0 0.924 0.006
2.0 2.5 35.0 50.0 0.95 0.006
2.0 2.5 50.0 90.0 0.96 0.008
2.0 2.5 90.0 150.0 1.007 0.023
2.0 2.5 150.0 500.0 1.007 0.023
