-2.5 -2.0 10.0 20.0 0.836 0.032
-2.5 -2.0 20.0 35.0 0.864 0.007
-2.5 -2.0 35.0 50.0 0.9 0.008
-2.5 -2.0 50.0 90.0 0.922 0.01
-2.5 -2.0 90.0 150.0 0.993 0.022
-2.5 -2.0 150.0 500.0 0.993 0.023
-2.0 -1.566 10.0 20.0 0.769 0.022
-2.0 -1.566 20.0 35.0 0.835 0.011
-2.0 -1.566 35.0 50.0 0.874 0.006
-2.0 -1.566 50.0 90.0 0.902 0.008
-2.0 -1.566 90.0 150.0 0.942 0.015
-2.0 -1.566 150.0 500.0 0.942 0.016
-1.566 -1.444 10.0 20.0 0.786 0.034
-1.566 -1.444 20.0 35.0 0.857 0.138
-1.566 -1.444 35.0 50.0 0.884 0.006
-1.566 -1.444 50.0 90.0 0.893 0.019
-1.566 -1.444 90.0 150.0 0.974 0.034
-1.566 -1.444 150.0 500.0 0.974 0.035
-1.444 -0.8 10.0 20.0 0.859 0.012
-1.444 -0.8 20.0 35.0 0.888 0.012
-1.444 -0.8 35.0 50.0 0.907 0.006
-1.444 -0.8 50.0 90.0 0.908 0.019
-1.444 -0.8 90.0 150.0 0.924 0.022
-1.444 -0.8 150.0 500.0 0.924 0.022
-0.8 0.0 10.0 20.0 0.852 0.025
-0.8 0.0 20.0 35.0 0.89 0.01
-0.8 0.0 35.0 50.0 0.907 0.006
-0.8 0.0 50.0 90.0 0.908 0.016
-0.8 0.0 90.0 150.0 0.933 0.02
-0.8 0.0 150.0 500.0 0.933 0.02
0.0 0.8 10.0 20.0 0.881 0.025
0.0 0.8 20.0 35.0 0.935 0.01
0.0 0.8 35.0 50.0 0.943 0.006
0.0 0.8 50.0 90.0 0.943 0.016
0.0 0.8 90.0 150.0 0.965 0.02
0.0 0.8 150.0 500.0 0.965 0.02
0.8 1.444 10.0 20.0 0.89 0.012
0.8 1.444 20.0 35.0 0.894 0.012
0.8 1.444 35.0 50.0 0.916 0.006
0.8 1.444 50.0 90.0 0.916 0.019
0.8 1.444 90.0 150.0 0.952 0.022
0.8 1.444 150.0 500.0 0.952 0.022
1.444 1.566 10.0 20.0 0.868 0.033
1.444 1.566 20.0 35.0 0.838 0.138
1.444 1.566 35.0 50.0 0.877 0.006
1.444 1.566 50.0 90.0 0.884 0.019
1.444 1.566 90.0 150.0 0.883 0.034
1.444 1.566 150.0 500.0 0.883 0.034
1.566 2.0 10.0 20.0 0.836 0.022
1.566 2.0 20.0 35.0 0.854 0.011
1.566 2.0 35.0 50.0 0.896 0.006
1.566 2.0 50.0 90.0 0.92 0.008
1.566 2.0 90.0 150.0 0.96 0.015
1.566 2.0 150.0 500.0 0.96 0.016
2.0 2.5 10.0 20.0 0.849 0.032
2.0 2.5 20.0 35.0 0.867 0.007
2.0 2.5 35.0 50.0 0.901 0.008
2.0 2.5 50.0 90.0 0.921 0.01
2.0 2.5 90.0 150.0 0.996 0.022
2.0 2.5 150.0 500.0 0.996 0.022
