-2.5 -2.1 25.0 30.0 0.36 0.01
-2.5 -2.1 30.0 35.0 0.886 0.012
-2.5 -2.1 35.0 40.0 0.885 0.011
-2.5 -2.1 40.0 50.0 1.031 0.01
-2.5 -2.1 50.0 60.0 0.97 0.025
-2.5 -2.1 60.0 100.0 0.796 0.054
-2.5 -2.1 100.0 200.0 3.022 0.314
-2.1 -1.57 25.0 30.0 0.584 0.009
-2.1 -1.57 30.0 35.0 0.926 0.006
-2.1 -1.57 35.0 40.0 0.966 0.004
-2.1 -1.57 40.0 50.0 0.967 0.003
-2.1 -1.57 50.0 60.0 0.972 0.007
-2.1 -1.57 60.0 100.0 0.953 0.015
-2.1 -1.57 100.0 200.0 1.013 0.063
-1.57 -1.44 25.0 30.0 0.923 0.049
-1.57 -1.44 30.0 35.0 1.014 0.06
-1.57 -1.44 35.0 40.0 0.922 0.038
-1.57 -1.44 40.0 50.0 0.999 0.021
-1.57 -1.44 50.0 60.0 0.932 0.046
-1.57 -1.44 60.0 100.0 0.839 0.111
-1.57 -1.44 100.0 200.0 1.0 0.642
-1.44 -0.8 25.0 30.0 0.852 0.008
-1.44 -0.8 30.0 35.0 0.947 0.005
-1.44 -0.8 35.0 40.0 0.98 0.003
-1.44 -0.8 40.0 50.0 0.979 0.002
-1.44 -0.8 50.0 60.0 0.981 0.003
-1.44 -0.8 60.0 100.0 0.984 0.005
-1.44 -0.8 100.0 200.0 0.983 0.018
-0.8 0.0 25.0 30.0 0.829 0.007
-0.8 0.0 30.0 35.0 0.964 0.003
-0.8 0.0 35.0 40.0 0.978 0.002
-0.8 0.0 40.0 50.0 0.977 0.001
-0.8 0.0 50.0 60.0 0.979 0.002
-0.8 0.0 60.0 100.0 0.983 0.004
-0.8 0.0 100.0 200.0 1.001 0.01
0.0 0.8 25.0 30.0 0.819 0.007
0.0 0.8 30.0 35.0 0.974 0.003
0.0 0.8 35.0 40.0 0.979 0.002
0.0 0.8 40.0 50.0 0.98 0.001
0.0 0.8 50.0 60.0 0.982 0.002
0.0 0.8 60.0 100.0 0.985 0.004
0.0 0.8 100.0 200.0 0.995 0.009
0.8 1.44 25.0 30.0 0.735 0.008
0.8 1.44 30.0 35.0 0.97 0.005
0.8 1.44 35.0 40.0 0.985 0.003
0.8 1.44 40.0 50.0 0.988 0.002
0.8 1.44 50.0 60.0 0.993 0.003
0.8 1.44 60.0 100.0 0.983 0.005
0.8 1.44 100.0 200.0 0.98 0.018
1.44 1.57 25.0 30.0 0.731 0.054
1.44 1.57 30.0 35.0 0.788 0.062
1.44 1.57 35.0 40.0 0.939 0.038
1.44 1.57 40.0 50.0 0.998 0.023
1.44 1.57 50.0 60.0 1.06 0.048
1.44 1.57 60.0 100.0 0.953 0.096
1.44 1.57 100.0 200.0 1.0 0.459
1.57 2.1 25.0 30.0 0.563 0.009
1.57 2.1 30.0 35.0 0.914 0.006
1.57 2.1 35.0 40.0 0.956 0.004
1.57 2.1 40.0 50.0 0.961 0.003
1.57 2.1 50.0 60.0 0.964 0.007
1.57 2.1 60.0 100.0 0.972 0.014
1.57 2.1 100.0 200.0 1.03 0.085
2.1 2.5 25.0 30.0 0.418 0.01
2.1 2.5 30.0 35.0 0.807 0.011
2.1 2.5 35.0 40.0 0.999 0.01
2.1 2.5 40.0 50.0 1.001 0.009
2.1 2.5 50.0 60.0 0.958 0.026
2.1 2.5 60.0 100.0 1.013 0.057
2.1 2.5 100.0 200.0 2.378 0.277
