10.0 20.0 -2.5 -2.0 0.779 0.051
10.0 20.0 -2.0 -1.566 0.693 0.056
10.0 20.0 -1.566 -1.444 0.59 0.193
10.0 20.0 -1.444 -0.8 1.044 0.06
10.0 20.0 -0.8 0.0 0.94 0.07
10.0 20.0 0.0 0.8 0.952 0.07
10.0 20.0 0.8 1.444 0.958 0.06
10.0 20.0 1.444 1.566 1.083 0.193
10.0 20.0 1.566 2.0 0.663 0.056
10.0 20.0 2.0 2.5 0.783 0.051
20.0 30.0 -2.5 -2.0 0.793 0.018
20.0 30.0 -2.0 -1.566 0.793 0.019
20.0 30.0 -1.566 -1.444 0.821 0.048
20.0 30.0 -1.444 -0.8 0.921 0.022
20.0 30.0 -0.8 0.0 0.931 0.015
20.0 30.0 0.0 0.8 1.0 0.015
20.0 30.0 0.8 1.444 0.946 0.022
20.0 30.0 1.444 1.566 0.735 0.048
20.0 30.0 1.566 2.0 0.725 0.019
20.0 30.0 2.0 2.5 0.79 0.018
30.0 40.0 -2.5 -2.0 0.84 0.01
30.0 40.0 -2.0 -1.566 0.813 0.008
30.0 40.0 -1.566 -1.444 0.826 0.028
30.0 40.0 -1.444 -0.8 0.958 0.007
30.0 40.0 -0.8 0.0 0.955 0.006
30.0 40.0 0.0 0.8 1.021 0.006
30.0 40.0 0.8 1.444 0.946 0.007
30.0 40.0 1.444 1.566 0.871 0.028
30.0 40.0 1.566 2.0 0.823 0.008
30.0 40.0 2.0 2.5 0.858 0.01
40.0 50.0 -2.5 -2.0 0.856 0.009
40.0 50.0 -2.0 -1.566 0.851 0.007
40.0 50.0 -1.566 -1.444 0.861 0.018
40.0 50.0 -1.444 -0.8 0.949 0.005
40.0 50.0 -0.8 0.0 0.964 0.005
40.0 50.0 0.0 0.8 0.999 0.005
40.0 50.0 0.8 1.444 0.96 0.005
40.0 50.0 1.444 1.566 0.87 0.018
40.0 50.0 1.566 2.0 0.856 0.007
40.0 50.0 2.0 2.5 0.865 0.009
50.0 200.0 -2.5 -2.0 0.886 0.018
50.0 200.0 -2.0 -1.566 0.867 0.014
50.0 200.0 -1.566 -1.444 0.902 0.034
50.0 200.0 -1.444 -0.8 0.952 0.009
50.0 200.0 -0.8 0.0 0.984 0.007
50.0 200.0 0.0 0.8 1.014 0.007
50.0 200.0 0.8 1.444 0.976 0.009
50.0 200.0 1.444 1.566 0.875 0.034
50.0 200.0 1.566 2.0 0.862 0.014
50.0 200.0 2.0 2.5 0.892 0.018
