-2.5 -2.0 10.0 20.0 0.837 0.024
-2.5 -2.0 20.0 30.0 0.863 0.013
-2.5 -2.0 30.0 40.0 0.915 0.008
-2.5 -2.0 40.0 50.0 0.93 0.006
-2.5 -2.0 50.0 200.0 0.936 0.007
-2.0 -1.566 10.0 20.0 0.8 0.014
-2.0 -1.566 20.0 30.0 0.871 0.013
-2.0 -1.566 30.0 40.0 0.916 0.005
-2.0 -1.566 40.0 50.0 0.939 0.003
-2.0 -1.566 50.0 200.0 0.95 0.004
-1.566 -1.444 10.0 20.0 0.952 0.078
-1.566 -1.444 20.0 30.0 0.891 0.052
-1.566 -1.444 30.0 40.0 0.92 0.012
-1.566 -1.444 40.0 50.0 0.953 0.008
-1.566 -1.444 50.0 200.0 0.965 0.008
-1.444 -0.8 10.0 20.0 0.915 0.035
-1.444 -0.8 20.0 30.0 0.923 0.021
-1.444 -0.8 30.0 40.0 0.949 0.008
-1.444 -0.8 40.0 50.0 0.956 0.005
-1.444 -0.8 50.0 200.0 0.957 0.004
-0.8 0.0 10.0 20.0 0.903 0.027
-0.8 0.0 20.0 30.0 0.92 0.017
-0.8 0.0 30.0 40.0 0.941 0.004
-0.8 0.0 40.0 50.0 0.951 0.004
-0.8 0.0 50.0 200.0 0.957 0.007
0.0 0.8 10.0 20.0 0.928 0.027
0.0 0.8 20.0 30.0 0.945 0.017
0.0 0.8 30.0 40.0 0.961 0.004
0.0 0.8 40.0 50.0 0.965 0.004
0.0 0.8 50.0 200.0 0.971 0.007
0.8 1.444 10.0 20.0 0.937 0.035
0.8 1.444 20.0 30.0 0.919 0.021
0.8 1.444 30.0 40.0 0.945 0.008
0.8 1.444 40.0 50.0 0.954 0.005
0.8 1.444 50.0 200.0 0.964 0.004
1.444 1.566 10.0 20.0 0.968 0.077
1.444 1.566 20.0 30.0 0.865 0.052
1.444 1.566 30.0 40.0 0.918 0.012
1.444 1.566 40.0 50.0 0.932 0.007
1.444 1.566 50.0 200.0 0.944 0.008
1.566 2.0 10.0 20.0 0.843 0.014
1.566 2.0 20.0 30.0 0.866 0.013
1.566 2.0 30.0 40.0 0.919 0.005
1.566 2.0 40.0 50.0 0.943 0.003
1.566 2.0 50.0 200.0 0.958 0.004
2.0 2.5 10.0 20.0 0.851 0.024
2.0 2.5 20.0 30.0 0.892 0.013
2.0 2.5 30.0 40.0 0.927 0.008
2.0 2.5 40.0 50.0 0.943 0.006
2.0 2.5 50.0 200.0 0.954 0.006
